13 19 0 0 0 0 0 0 0 0 0 0 0 0
0 100 0 0 100 100 100 100 100 100 100 100 100 100
0 100 100 100 7 7 100 100 100 100 100 100 100 100
0 100 100 100 100 2 100 100 100 2 100 100 100 100
0 100 100 100 100 100 4 100 100 100 100 100 100 100
0 100 100 100 100 100 100 6 6 6 100 100 100 100
0 100 100 100 100 100 100 2 2 2 100 100 100 100
0 100 100 100 100 100 100 100 100 100 100 100 1 100
0 100 100 100 100 100 100 100 100 100 100 100 4 100
0 100 100 100 100 100 100 100 100 100 1 100 100 100
0 100 100 100 100 100 100 100 100 100 100 1 100 100
0 100 100 100 100 100 100 100 100 100 100 100 2 100
0 100 100 100 100 100 100 100 100 100 100 100 100 1
0 100 100 100 100 100 100 100 100 100 100 100 100 100